     9.95909    18.48740    17.81278   129.56227
   105.20010   124.65871   119.29455     4.25999
    28.66070    41.35617    58.28209   107.11526
    55.92294    33.67785    49.52309    24.25153
 0.41585E-02 0.43975E-02 0.43670E-02 0.47235E-02
 0.15120E+01 0.15050E+01 0.14951E+01 0.15119E+01
 0.36970E+02 0.13316E+02 0.32223E+01 0.19160E+01
 0.46687E+01 0.29528E+01 0.48256E+00 0.63374E+00
 0.97832E+01 0.13919E+02 0.84256E+01 0.50024E+01
 0.34746E-02 0.36095E-02 0.32721E-02 0.30280E-02
 0.98232E-01 0.17919E+00 0.10970E+00 0.22422E+00
 0.20015E-04 0.35145E-04 0.23734E-04 0.52423E-04
 0.12524E+00 0.28192E+00 0.30307E+00 0.63170E+00
 0.14424E-04 0.57014E-04 0.41393E-04 0.19056E-03
 0.33587E+01 0.36839E+01 0.32694E+01 0.30732E+01
 0.23694E+02 0.46545E+01 0.46056E+01 0.12088E+01
 0.76987E+01 0.74541E+01 0.76246E+01 0.72805E+01
-0.37350E+03 0.13932E+01 0.15614E+01 -0.98809E+00
-0.45324E+02 -0.26012E+02 -0.21108E+02 -0.47253E-02
