     6.81525     39.23976     39.23976    257.50097
   154.75480    274.84328    274.84328     11.67075
    41.84855     30.94835     30.94835    244.86015
    15.39382     15.20774     15.20774     25.62903
 4.17299e-03  4.30681e-03  4.30681e-03  5.54349e-03
 1.49271e+00  1.48579e+00  1.48579e+00  1.49078e+00
 5.62042e+01  1.61629e+01  1.61629e+01  2.88017e+00
 2.58743e+01  7.77338e+00  7.77338e+00  1.05796e+00
 2.79722e+01  3.10971e+01  3.10971e+01  2.22904e+01
 5.02562e-02  4.99427e-02  4.99427e-02  4.85768e-02
 5.17953e+00  5.37728e+00  5.37728e+00  3.99466e+00
 7.29626e-05  7.62238e-05  7.62238e-05  5.82171e-05
 1.28377e-01  1.03143e-01  1.03143e-01  8.15921e-01
 5.39000e-05  4.52410e-05  4.52410e-05  2.73338e-04
 4.82439e+00  5.24393e+00  5.24393e+00  4.21415e+00
 9.82336e+01  1.52546e+02  1.52546e+02  2.47848e+00
     7.13690      7.11791      7.11791      7.23495
   -50.19491    -56.60593    -56.60593     -0.05746
 1.42455e+00  3.99831e-01  3.99831e-01 -1.58670e+00
