     5.74068    14.69781    14.69781   131.57699
   105.07487   118.08291   118.08291     5.18707
    24.00302    32.26896    32.26896   109.56875
    25.84972    26.14374    26.14374    25.74764
 0.42413E-02 0.43177E-02 0.43177E-02 0.61082E-02
 0.14865E+01 0.14781E+01 0.14781E+01 0.14842E+01
 0.45751E+02 0.23976E+02 0.23976E+02 0.18617E+01
 0.12748E+02 0.67245E+01 0.67245E+01 0.75005E+00
 0.12844E+02 0.15833E+02 0.15833E+02 0.74093E+01
 0.13106E-01 0.13049E-01 0.13049E-01 0.12082E-01
 0.81757E+00 0.81935E+00 0.81935E+00 0.10897E+01
 0.44161E-04 0.44451E-04 0.44451E-04 0.63852E-04
 0.10129E+00 0.17642E+00 0.17642E+00 0.54188E+00
 0.25740E-04 0.45125E-04 0.45125E-04 0.19910E-03
 0.11666E+00 0.27957E+01 0.27957E+01 0.20553E+01
 0.34212E+02 0.11935E+02 0.11935E+02 0.12389E+01
 0.73550E+01 0.73521E+01 0.73521E+01 0.71948E+01
 0.98013E+01 0.52004E+01 0.52004E+01 -0.13675E+01
-0.47862E+02 -0.35035E+02 -0.35035E+02 -0.44286E-01
