   158.88166    170.40000
     6.29787      5.80000
   143.28599    150.00273
    20.89398     25.00000
 4.61314e-03  4.41000e-03
 1.48239e+00  1.50000e+00
 1.85718e+00  2.30015e+00
 6.96351e-01  6.89852e-01
 8.46501e+00  9.50000e+00
 2.79753e-02  2.74423e-02
 2.34828e+00  1.84256e+00
 5.94258e-05  4.75335e-05
 1.89350e+00  9.99727e-01
 6.47501e-04  2.73452e-04
 5.63049e-03  6.00000e+00
 1.47825e+00  1.62500e+00
     7.22602      7.32300
     1.58997      0.00000
 1.19361e-03  0.00000e+00
 1.19361e-03  1.13009e+01
