     9.26874     10.02913     13.03497    131.67730
   107.46705     64.25961     89.50508      4.38184
    28.20485     84.90194     85.71091    109.12895
    41.47198     70.72410     75.65955     24.86227
 4.26331e-03  4.36346e-03  4.34288e-03  4.70735e-03
 1.50015e+00  1.48975e+00  1.48318e+00  1.50011e+00
 3.83757e+01  3.07603e+01  5.29397e+00  1.98201e+00
 6.69959e+00  3.22296e+00  5.16055e-01  6.37295e-01
 1.08518e+01  1.57813e+01  9.23375e+00  5.15384e+00
 1.44122e-02  1.40041e-02  1.38986e-02  1.36977e-02
 5.63276e-01  3.28488e-01  3.03309e-01  9.86017e-01
 2.76689e-05  1.66060e-05  1.54495e-05  5.09607e-05
 1.70406e-01  7.34026e-01  6.53468e-01  9.39378e-01
 2.71317e-05  7.01415e-05  5.80950e-05  2.75471e-04
 4.63439e+00  4.70683e+00  4.61449e+00  4.57080e+00
 2.61730e+01  1.33122e+00  2.13552e+00  1.24335e+00
     7.55801      7.77974      7.81109      7.29276
   -45.74453     -7.12218     -9.85889     -0.01389
 1.64109e+01 -5.53519e-01 -8.15682e-01 -1.91032e+00
