    11.65341     19.09026     19.21200    132.78642
   142.32836    165.58210    160.55614      3.74818
    16.63768     27.67426     33.39386    108.88316
    36.77703     23.87623     22.68822     25.26372
 3.33668e-03  4.01514e-03  4.15391e-03  5.70932e-03
 1.50050e+00  1.39175e+00  1.43410e+00  1.49970e+00
 2.51799e+01  1.85955e+01  1.84510e+01  1.87953e+00
 3.87964e+00  5.31060e+00  5.73690e+00  7.21333e-01
 9.51476e+00  1.33829e+01  8.24512e+00  5.04369e+00
 3.55087e-03  3.41986e-03  2.93221e-03  2.51914e-03
 1.22482e-01  2.18647e-01  2.04104e-01  2.16441e-01
 2.44196e-05  4.52621e-05  4.92785e-05  6.08257e-05
 4.63741e-02  1.61996e-01  1.47274e-01  6.06842e-01
 6.51649e-06  4.21930e-05  4.17622e-05  2.12404e-04
 3.13970e+00  3.50832e+00  3.03848e+00  2.81618e+00
 3.49518e-04  6.36728e+00  1.20363e+01  1.24151e+00
     7.61226      7.34427      7.30734      7.21591
   -70.93974    -40.13838    -39.39683      0.03479
 8.79955e+00  8.99518e-01  5.75637e-01 -1.45162e+00
