    16.68595    17.95285    16.53207   131.14881
   135.82722   132.24054   126.99082     2.63515
     6.94012    36.18197    36.61021   107.07187
    22.59971    26.38031    31.20173    24.72209
 0.27728E-02 0.40906E-02 0.42156E-02 0.56116E-02
 0.15059E+01 0.14066E+01 0.14465E+01 0.15051E+01
 0.16737E+02 0.21611E+02 0.22256E+02 0.18240E+01
 0.34873E+01 0.56910E+01 0.51067E+01 0.70312E+00
 0.58579E+01 0.67351E+01 0.55700E+01 0.48440E+01
 0.29963E-02 0.23473E-02 0.23259E-02 0.21997E-02
 0.13977E+00 0.13838E+00 0.11947E+00 0.18983E+00
 0.33023E-04 0.41736E-04 0.36364E-04 0.61095E-04
 0.12843E-01 0.14458E+00 0.85973E-01 0.23602E+00
 0.24404E-05 0.34722E-04 0.17990E-04 0.82976E-04
 0.17117E+01 0.23633E+01 0.15328E+01 0.11399E+01
 0.41977E-03 0.39929E+01 0.88932E+01 0.12036E+01
 0.74812E+01 0.73795E+01 0.74393E+01 0.72140E+01
 0.45730E+01 0.20375E+01 0.15002E+01 -0.40072E+00
-0.87976E+02 -0.31826E+02 -0.34435E+02 0.75746E-01
