   132.00000    24.26753   133.28790
     4.00000   130.83009     3.78113
   108.10021    11.26975   106.70487
    25.00000    20.73248    27.38137
 0.44100E-02 0.43558E-02 0.43544E-02
 0.15000E+01 0.14928E+01 0.14922E+01
 0.20001E+01 0.12021E+02 0.21427E+01
 0.59987E+00 0.42889E+01 0.57866E+00
 0.50000E+01 0.49537E+01 0.49038E+01
 0.29790E-02 0.53288E-02 0.30730E-02
 0.20002E+00 0.42564E+00 0.18579E+00
 0.47534E-04 0.56548E-04 0.42803E-04
 0.99973E+00 0.20500E+00 0.72882E+00
 0.27345E-03 0.66705E-04 0.17951E-03
 0.50000E+01 0.72828E+01 0.66781E+01
 0.12500E+01 0.99066E-04 0.12121E+01
     7.32300     7.24759     7.36853
     0.00400     8.58223    -1.54508
     0.13586   -61.34915    -0.02183
